[38;2;197;28;27m[48;2;198;27;26m▀[38;2;198;27;26m[48;2;197;25;25m▀[38;2;239;28;18m[48;2;237;27;17m▀[38;2;250;29;17m[48;2;248;29;18m▀[38;2;250;30;18m[48;2;245;28;18m▀[38;2;246;28;18m[48;2;244;28;17m▀[38;2;245;29;18m[48;2;248;29;18m▀[38;2;236;27;18m[48;2;223;25;18m▀[38;2;218;25;17m[48;2;218;25;16m▀[38;2;232;27;16m[48;2;223;25;15m▀[38;2;122;22;18m[48;2;77;22;21m▀[38;2;71;19;18m[48;2;37;19;19m▀[38;2;24;21;22m[48;2;24;21;22m▀[38;2;11;21;23m[48;2;11;22;24m▀[38;2;15;20;23m[48;2;14;20;23m▀[38;2;14;21;23m[48;2;15;24;26m▀[38;2;13;22;23m[48;2;13;20;22m▀[38;2;11;20;21m[48;2;13;24;25m▀[38;2;16;33;32m[48;2;22;35;33m▀[38;2;13;28;28m[48;2;12;28;30m▀[38;2;16;36;38m[48;2;16;41;42m▀[38;2;30;56;60m[48;2;39;56;61m▀[38;2;40;57;59m[48;2;51;61;65m▀[38;2;48;55;62m[48;2;74;65;78m▀[38;2;75;65;83m[48;2;68;72;88m▀[38;2;20;49;50m[48;2;28;63;67m▀[38;2;15;43;44m[48;2;12;44;44m▀[38;2;40;46;55m[48;2;74;58;79m▀[38;2;139;95;134m[48;2;133;95;132m▀[38;2;36;56;61m[48;2;24;55;56m▀[38;2;16;43;43m[48;2;26;54;56m▀[38;2;29;49;53m[48;2;36;53;56m▀[38;2;15;53;55m[48;2;16;58;60m▀[38;2;18;49;50m[48;2;22;54;55m▀[38;2;15;22;24m[48;2;15;24;25m▀[38;2;14;23;23m[48;2;15;24;25m▀[38;2;13;17;17m[48;2;13;19;19m▀[38;2;15;19;19m[48;2;13;21;22m▀[38;2;15;20;21m[48;2;15;21;21m▀[38;2;15;23;24m[48;2;15;23;24m▀[38;2;14;23;24m[48;2;14;24;26m▀[38;2;14;23;24m[48;2;13;25;27m▀[38;2;13;22;24m[48;2;13;22;24m▀[38;2;15;20;20m[48;2;14;20;21m▀[38;2;14;20;20m[48;2;14;19;19m▀[38;2;20;18;18m[48;2;18;18;18m▀[38;2;31;14;14m[48;2;32;15;15m▀[38;2;30;17;16m[48;2;28;18;17m▀[38;2;25;16;15m[48;2;24;14;14m▀[38;2;193;26;17m[48;2;169;24;17m▀[38;2;248;28;14m[48;2;249;28;14m▀[38;2;246;29;16m[48;2;243;29;17m▀[38;2;246;28;17m[48;2;248;29;16m▀[38;2;247;28;17m[48;2;246;29;17m▀[38;2;249;28;16m[48;2;246;29;18m▀[38;2;250;29;17m[48;2;248;29;17m▀[0m
[38;2;199;28;27m[48;2;200;28;27m▀[38;2;197;26;26m[48;2;197;27;26m▀[38;2;235;27;17m[48;2;231;27;18m▀[38;2;248;29;17m[48;2;247;28;17m▀[38;2;245;29;18m[48;2;242;28;18m▀[38;2;246;28;18m[48;2;242;28;17m▀[38;2;249;29;18m[48;2;247;29;19m▀[38;2;219;24;17m[48;2;219;24;16m▀[38;2;215;24;15m[48;2;202;24;15m▀[38;2;148;23;18m[48;2;92;24;22m▀[38;2;23;24;25m[48;2;23;24;25m▀[38;2;23;19;19m[48;2;22;20;20m▀[38;2;15;22;23m[48;2;12;22;24m▀[38;2;12;22;23m[48;2;10;22;22m▀[38;2;16;21;23m[48;2;30;27;28m▀[38;2;24;32;34m[48;2;28;33;35m▀[38;2;10;17;19m[48;2;9;15;17m▀[38;2;21;30;31m[48;2;24;34;35m▀[38;2;24;35;35m[48;2;43;45;45m▀[38;2;18;37;38m[48;2;37;53;53m▀[38;2;11;40;40m[48;2;12;44;43m▀[38;2;49;61;67m[48;2;41;65;67m▀[38;2;68;71;76m[48;2;69;74;78m▀[38;2;103;79;96m[48;2;61;65;73m▀[38;2;60;78;94m[48;2;46;74;86m▀[38;2;32;71;78m[48;2;34;75;84m▀[38;2;13;45;46m[48;2;21;53;57m▀[38;2;104;75;104m[48;2;125;86;121m▀[38;2;125;91;124m[48;2;97;87;111m▀[38;2;22;61;61m[48;2;20;71;71m▀[38;2;33;63;65m[48;2;40;70;74m▀[38;2;39;59;62m[48;2;56;70;75m▀[38;2;16;64;65m[48;2;14;65;65m▀[38;2;22;53;54m[48;2;25;53;56m▀[38;2;14;28;29m[48;2;17;38;39m▀[38;2;13;36;36m[48;2;14;47;48m▀[38;2;14;23;23m[48;2;13;25;26m▀[38;2;14;23;24m[48;2;14;24;25m▀[38;2;15;22;23m[48;2;15;25;27m▀[38;2;15;22;24m[48;2;15;23;24m▀[38;2;15;22;25m[48;2;15;22;23m▀[38;2;13;26;28m[48;2;15;24;26m▀[38;2;13;23;24m[48;2;13;23;25m▀[38;2;14;20;21m[48;2;14;20;21m▀[38;2;15;18;18m[48;2;16;17;17m▀[38;2;16;18;18m[48;2;16;18;17m▀[38;2;21;17;16m[48;2;15;18;17m▀[38;2;22;18;17m[48;2;20;18;17m▀[38;2;18;15;15m[48;2;18;15;16m▀[38;2;149;22;17m[48;2;138;21;16m▀[38;2;248;28;14m[48;2;241;27;14m▀[38;2;243;29;16m[48;2;246;29;16m▀[38;2;245;29;17m[48;2;247;30;18m▀[38;2;244;29;18m[48;2;244;30;19m▀[38;2;246;29;18m[48;2;246;29;18m▀[38;2;247;29;17m[48;2;250;29;17m▀[0m
[38;2;199;29;28m[48;2;198;28;27m▀[38;2;193;28;28m[48;2;217;27;22m▀[38;2;223;25;18m[48;2;235;26;19m▀[38;2;242;27;16m[48;2;240;28;20m▀[38;2;239;27;17m[48;2;243;29;19m▀[38;2;241;28;18m[48;2;249;30;19m▀[38;2;244;28;19m[48;2;227;27;18m▀[38;2;204;25;16m[48;2;198;23;17m▀[38;2;196;24;16m[48;2;158;24;22m▀[38;2;88;24;22m[48;2;68;24;23m▀[38;2;23;22;24m[48;2;24;21;22m▀[38;2;37;18;19m[48;2;51;18;18m▀[38;2;12;22;24m[48;2;11;22;24m▀[38;2;11;20;21m[48;2;16;19;21m▀[38;2;40;32;34m[48;2;41;37;40m▀[38;2;19;29;31m[48;2;20;29;31m▀[38;2;17;19;20m[48;2;37;28;30m▀[38;2;29;39;40m[48;2;37;47;47m▀[38;2;65;63;62m[48;2;75;76;75m▀[38;2;57;65;65m[48;2;66;69;67m▀[38;2;22;53;52m[48;2;52;60;59m▀[38;2;67;73;77m[48;2;44;60;64m▀[38;2;95;85;90m[48;2;74;70;75m▀[38;2;81;72;89m[48;2;107;80;98m▀[38;2;45;73;84m[48;2;56;73;87m▀[38;2;37;77;85m[48;2;45;72;83m▀[38;2;36;70;78m[48;2;57;77;91m▀[38;2;132;92;127m[48;2;124;89;122m▀[38;2;79;82;100m[48;2;80;82;99m▀[38;2;26;77;77m[48;2;33;79;81m▀[38;2;48;72;79m[48;2;82;80;98m▀[38;2;58;74;81m[48;2;67;79;88m▀[38;2;15;68;69m[48;2;27;78;80m▀[38;2;32;61;64m[48;2;51;75;80m▀[38;2;23;56;57m[48;2;42;74;78m▀[38;2;17;54;55m[48;2;15;59;60m▀[38;2;13;28;28m[48;2;17;49;50m▀[38;2;13;24;25m[48;2;13;26;27m▀[38;2;14;28;30m[48;2;15;28;30m▀[38;2;15;24;25m[48;2;15;24;25m▀[38;2;14;23;24m[48;2;14;26;27m▀[38;2;15;23;23m[48;2;15;21;22m▀[38;2;13;26;27m[48;2;14;26;28m▀[38;2;14;21;23m[48;2;13;22;23m▀[38;2;16;17;16m[48;2;15;18;18m▀[38;2;16;17;17m[48;2;15;19;19m▀[38;2;16;18;17m[48;2;17;18;18m▀[38;2;19;17;17m[48;2;14;17;17m▀[38;2;21;16;18m[48;2;34;11;8m▀[38;2;102;19;17m[48;2;96;38;47m▀[38;2;213;28;18m[48;2;175;83;126m▀[38;2;251;27;11m[48;2;185;77;126m▀[38;2;254;24;5m[48;2;199;62;92m▀[38;2;254;24;7m[48;2;212;50;62m▀[38;2;252;27;14m[48;2;237;32;24m▀[38;2;248;29;17m[48;2;248;28;16m▀[0m
[38;2;233;29;24m[48;2;228;26;24m▀[38;2;243;30;25m[48;2;217;26;26m▀[38;2;236;30;26m[48;2;215;24;25m▀[38;2;240;30;24m[48;2;224;21;21m▀[38;2;245;29;20m[48;2;238;26;19m▀[38;2;248;30;19m[48;2;244;29;19m▀[38;2;216;24;16m[48;2;205;22;14m▀[38;2;179;24;18m[48;2;148;25;21m▀[38;2;100;27;27m[48;2;102;27;25m▀[38;2;57;24;24m[48;2;52;25;26m▀[38;2;19;22;24m[48;2;18;23;25m▀[38;2;41;19;19m[48;2;31;21;22m▀[38;2;16;22;22m[48;2;21;23;24m▀[38;2;15;21;22m[48;2;13;22;23m▀[38;2;38;34;35m[48;2;24;17;16m▀[38;2;41;43;46m[48;2;36;38;41m▀[38;2;46;42;44m[48;2;73;69;65m▀[38;2;50;58;55m[48;2;64;64;65m▀[38;2;104;88;87m[48;2;120;83;100m▀[38;2;103;80;88m[48;2;103;77;87m▀[38;2;115;85;105m[48;2;154;104;141m▀[38;2;64;73;77m[48;2;97;93;106m▀[38;2;61;70;75m[48;2;82;92;97m▀[38;2;70;65;71m[48;2;77;71;81m▀[38;2;81;77;89m[48;2;130;89;106m▀[38;2;41;64;74m[48;2;104;85;102m▀[38;2;85;80;101m[48;2;129;90;125m▀[38;2;121;89;119m[48;2;148;96;134m▀[38;2;79;80;96m[48;2;114;87;117m▀[38;2;39;82;84m[48;2;66;85;96m▀[38;2;105;87;111m[48;2;101;88;111m▀[38;2;99;88;102m[48;2;131;92;126m▀[38;2;40;82;86m[48;2;56;81;92m▀[38;2;48;76;80m[48;2;50;77;79m▀[38;2;49;74;77m[48;2;49;70;72m▀[38;2;14;59;60m[48;2;17;61;62m▀[38;2;22;64;66m[48;2;21;66;68m▀[38;2;16;43;44m[48;2;21;58;59m▀[38;2;16;29;31m[48;2;18;37;37m▀[38;2;15;24;25m[48;2;15;24;25m▀[38;2;15;29;29m[48;2;17;29;31m▀[38;2;14;19;20m[48;2;16;20;21m▀[38;2;14;27;29m[48;2;16;29;31m▀[38;2;13;22;24m[48;2;14;23;24m▀[38;2;15;17;17m[48;2;17;17;17m▀[38;2;19;19;19m[48;2;3;12;8m▀[38;2;13;16;16m[48;2;15;16;16m▀[38;2;29;18;21m[48;2;148;81;128m▀[38;2;81;32;36m[48;2;175;91;121m▀[38;2;169;84;115m[48;2;184;93;131m▀[38;2;179;96;142m[48;2;180;57;71m▀[38;2;147;92;145m[48;2;193;37;27m▀[38;2;158;98;161m[48;2;167;61;63m▀[38;2;162;102;169m[48;2;163;98;148m▀[38;2;193;68;101m[48;2;190;81;127m▀[38;2;248;25;9m[48;2;241;27;12m▀[0m
[38;2;235;28;25m[48;2;249;30;23m▀[38;2;237;31;26m[48;2;252;30;21m▀[38;2;240;29;24m[48;2;252;29;20m▀[38;2;240;25;21m[48;2;250;28;19m▀[38;2;244;28;19m[48;2;247;29;20m▀[38;2;240;28;18m[48;2;236;27;17m▀[38;2;191;23;15m[48;2;198;24;15m▀[38;2;141;24;21m[48;2;134;24;20m▀[38;2;122;25;22m[48;2;125;24;21m▀[38;2;52;26;27m[48;2;49;25;27m▀[38;2;25;23;24m[48;2;31;23;24m▀[38;2;25;23;25m[48;2;13;25;27m▀[38;2;38;22;23m[48;2;57;21;23m▀[38;2;8;22;23m[48;2;37;19;20m▀[38;2;16;18;19m[48;2;12;20;23m▀[38;2;6;18;20m[48;2;8;28;29m▀[38;2;69;57;47m[48;2;67;55;48m▀[38;2;95;74;91m[48;2;146;92;130m▀[38;2;139;91;135m[48;2;157;101;157m▀[38;2;118;81;99m[48;2;178;109;166m▀[38;2;141;92;114m[48;2;169;106;142m▀[38;2;151;100;133m[48;2;177;103;134m▀[38;2;134;99;127m[48;2;179;107;147m▀[38;2;162;110;146m[48;2;177;114;158m▀[38;2;145;97;120m[48;2;174;111;156m▀[38;2;161;104;140m[48;2;160;106;151m▀[38;2;166;104;149m[48;2;162;105;151m▀[38;2;176;107;157m[48;2;178;113;168m▀[38;2;172;105;151m[48;2;172;104;150m▀[38;2;153;99;142m[48;2;172;102;149m▀[38;2;146;97;137m[48;2;159;100;129m▀[38;2;168;108;142m[48;2;166;103;127m▀[38;2;101;91;109m[48;2;120;81;98m▀[38;2;117;90;106m[48;2;92;71;83m▀[38;2;127;91;108m[48;2;91;73;83m▀[38;2;37;71;71m[48;2;66;69;72m▀[38;2;37;69;71m[48;2;66;70;70m▀[38;2;21;59;60m[48;2;34;63;64m▀[38;2;18;48;47m[48;2;18;47;46m▀[38;2;15;29;29m[48;2;18;36;36m▀[38;2;9;25;24m[48;2;74;56;70m▀[38;2;7;21;20m[48;2;85;57;78m▀[38;2;10;28;28m[48;2;42;38;48m▀[38;2;17;25;26m[48;2;0;23;19m▀[38;2;17;18;19m[48;2;51;35;46m▀[38;2;65;40;53m[48;2;195;110;169m▀[38;2;124;67;96m[48;2;174;97;149m▀[38;2;187;105;165m[48;2;175;94;152m▀[38;2;156;88;122m[48;2;174;91;148m▀[38;2;132;80;104m[48;2;107;87;98m▀[38;2;190;40;44m[48;2;132;79;100m▀[38;2;241;23;13m[48;2;213;34;36m▀[38;2;214;38;32m[48;2;225;33;25m▀[38;2;165;97;155m[48;2;168;89;134m▀[38;2;186;90;148m[48;2;181;102;181m▀[38;2;226;33;22m[48;2;196;54;66m▀[0m
[38;2;241;31;24m[48;2;242;32;24m▀[38;2;245;30;22m[48;2;242;28;21m▀[38;2;239;27;21m[48;2;239;27;21m▀[38;2;231;25;21m[48;2;234;26;22m▀[38;2;243;28;19m[48;2;243;28;19m▀[38;2;242;28;18m[48;2;242;29;18m▀[38;2;201;24;15m[48;2;205;24;16m▀[38;2;143;25;21m[48;2;168;25;19m▀[38;2;101;25;23m[48;2;75;23;22m▀[38;2;36;25;27m[48;2;37;23;23m▀[38;2;38;22;24m[48;2;73;20;20m▀[38;2;14;25;27m[48;2;32;24;26m▀[38;2;29;24;25m[48;2;12;25;26m▀[38;2;56;18;18m[48;2;11;20;21m▀[38;2;17;22;23m[48;2;15;21;23m▀[38;2;7;28;29m[48;2;12;28;29m▀[38;2;38;38;36m[48;2;17;22;21m▀[38;2;173;106;156m[48;2;138;86;120m▀[38;2;174;108;170m[48;2;189;116;184m▀[38;2;181;112;175m[48;2;182;112;175m▀[38;2;186;114;180m[48;2;181;115;171m▀[38;2;181;112;172m[48;2;181;116;174m▀[38;2;179;113;167m[48;2;180;116;172m▀[38;2;177;114;165m[48;2;180;117;169m▀[38;2;182;116;171m[48;2;181;118;171m▀[38;2;162;108;148m[48;2;157;103;143m▀[38;2;140;101;125m[48;2;166;102;148m▀[38;2;173;114;160m[48;2;161;111;137m▀[38;2;174;105;152m[48;2;165;117;135m▀[38;2;157;102;127m[48;2;151;97;121m▀[38;2;163;100;131m[48;2;181;105;152m▀[38;2;147;88;116m[48;2;166;100;133m▀[38;2;105;79;93m[48;2;152;102;139m▀[38;2;76;84;84m[48;2;98;95;103m▀[38;2;75;83;84m[48;2;95;95;101m▀[38;2;60;64;66m[48;2;118;94;112m▀[38;2;69;61;64m[48;2;129;90;103m▀[38;2;46;64;63m[48;2;68;69;66m▀[38;2;29;57;55m[48;2;42;61;59m▀[38;2;62;56;66m[48;2;91;60;68m▀[38;2;133;87;125m[48;2;106;79;96m▀[38;2;139;85;122m[48;2;113;85;114m▀[38;2;120;79;106m[48;2;100;82;88m▀[38;2;93;61;84m[48;2;137;85;104m▀[38;2;108;62;87m[48;2;161;89;126m▀[38;2;185;109;169m[48;2;176;98;151m▀[38;2;146;82;127m[48;2;152;85;130m▀[38;2;168;83;136m[48;2;158;80;97m▀[38;2;181;92;155m[48;2;188;93;128m▀[38;2;128;82;107m[48;2;149;83;123m▀[38;2;110;89;98m[48;2;128;80;91m▀[38;2;166;59;71m[48;2;152;72;82m▀[38;2;190;39;37m[48;2;153;84;107m▀[38;2;165;85;117m[48;2;172;97;155m▀[38;2;179;104;191m[48;2;179;101;186m▀[38;2;172;85;145m[48;2;179;98;178m▀[0m
[38;2;247;31;20m[48;2;248;30;19m▀[38;2;247;30;19m[48;2;249;30;19m▀[38;2;247;29;19m[48;2;247;29;20m▀[38;2;249;30;20m[48;2;252;30;19m▀[38;2;252;29;20m[48;2;255;29;19m▀[38;2;241;27;17m[48;2;219;28;21m▀[38;2;223;24;13m[48;2;202;30;25m▀[38;2;190;24;15m[48;2;188;26;22m▀[38;2;150;25;21m[48;2;165;28;27m▀[38;2;96;26;28m[48;2;152;35;39m▀[38;2;96;29;31m[48;2;87;37;36m▀[38;2;51;24;24m[48;2;58;25;25m▀[38;2;8;25;27m[48;2;28;24;25m▀[38;2;15;24;25m[48;2;11;24;25m▀[38;2;14;21;22m[48;2;15;21;23m▀[38;2;14;22;22m[48;2;16;20;21m▀[38;2;13;16;15m[48;2;1;10;6m▀[38;2;120;69;87m[48;2;99;60;80m▀[38;2;159;101;144m[48;2;172;104;152m▀[38;2;180;113;173m[48;2;154;111;151m▀[38;2;183;116;171m[48;2;163;118;161m▀[38;2;185;118;172m[48;2;165;114;158m▀[38;2;184;119;174m[48;2;163;109;156m▀[38;2;181;117;171m[48;2;158;100;148m▀[38;2;158;101;145m[48;2;168;95;151m▀[38;2;166;99;152m[48;2;178;106;173m▀[38;2;182;106;172m[48;2;173;103;162m▀[38;2;179;104;148m[48;2;175;101;142m▀[38;2;165;100;133m[48;2;166;101;136m▀[38;2;166;100;138m[48;2;168;103;141m▀[38;2;178;105;167m[48;2;177;104;161m▀[38;2;175;104;158m[48;2;173;104;168m▀[38;2;168;98;134m[48;2;175;104;158m▀[38;2;151;94;120m[48;2;176;101;135m▀[38;2;145;94;118m[48;2;168;99;123m▀[38;2;153;98;119m[48;2;164;97;119m▀[38;2;122;88;87m[48;2;167;102;129m▀[38;2;125;85;84m[48;2;175;102;135m▀[38;2;86;73;73m[48;2;81;69;65m▀[38;2;74;55;62m[48;2;82;65;70m▀[38;2;134;87;104m[48;2;173;83;112m▀[38;2;63;52;65m[48;2;111;61;84m▀[38;2;87;62;62m[48;2;84;45;63m▀[38;2;116;86;86m[48;2;97;63;70m▀[38;2;131;83;97m[48;2;114;86;88m▀[38;2;172;89;136m[48;2;143;80;92m▀[38;2;164;88;132m[48;2;195;93;93m▀[38;2;157;81;97m[48;2;159;85;111m▀[38;2;199;91;99m[48;2;141;81;86m▀[38;2;116;85;109m[48;2;127;88;96m▀[38;2;136;78;87m[48;2;157;81;91m▀[38;2;166;82;107m[48;2;161;91;129m▀[38;2;164;99;149m[48;2;174;97;171m▀[38;2;180;99;184m[48;2;171;98;155m▀[38;2;176;99;170m[48;2;165;100;130m▀[38;2;175;99;160m[48;2;171;103;165m▀[0m
[38;2;249;30;19m[48;2;249;29;19m▀[38;2;248;29;20m[48;2;254;27;19m▀[38;2;255;27;19m[48;2;219;27;22m▀[38;2;238;29;22m[48;2;102;31;34m▀[38;2;154;35;37m[48;2;155;39;38m▀[38;2;145;38;40m[48;2;181;37;32m▀[38;2;150;40;39m[48;2;185;35;29m▀[38;2;154;39;37m[48;2;181;36;30m▀[38;2;166;31;26m[48;2;181;36;31m▀[38;2;132;33;29m[48;2;126;34;32m▀[38;2;41;36;36m[48;2;26;40;41m▀[38;2;39;29;30m[48;2;37;31;32m▀[38;2;39;25;26m[48;2;21;23;25m▀[38;2;21;23;24m[48;2;21;29;31m▀[38;2;15;21;22m[48;2;15;22;23m▀[38;2;15;22;24m[48;2;12;21;21m▀[38;2;6;17;15m[48;2;14;27;29m▀[38;2;42;33;36m[48;2;6;23;21m▀[38;2;177;107;164m[48;2;124;79;109m▀[38;2;172;107;167m[48;2;182;113;174m▀[38;2;165;108;160m[48;2;172;107;164m▀[38;2;161;107;157m[48;2;175;110;168m▀[38;2;166;105;160m[48;2;176;109;168m▀[38;2;175;107;165m[48;2;175;109;167m▀[38;2;177;106;166m[48;2;174;108;162m▀[38;2;175;105;174m[48;2;174;102;160m▀[38;2;175;103;156m[48;2;176;102;149m▀[38;2;174;99;141m[48;2;173;100;142m▀[38;2;170;100;138m[48;2;177;106;146m▀[38;2;168;99;133m[48;2;158;98;129m▀[38;2;180;107;164m[48;2;170;104;153m▀[38;2;174;106;166m[48;2;179;108;165m▀[38;2;175;106;169m[48;2;174;106;160m▀[38;2;174;105;165m[48;2;174;105;158m▀[38;2;176;104;152m[48;2;171;104;156m▀[38;2;172;104;150m[48;2;181;110;166m▀[38;2;185;113;168m[48;2;141;84;116m▀[38;2;115;76;94m[48;2;33;37;28m▀[38;2;23;32;22m[48;2;20;22;21m▀[38;2;67;43;47m[48;2;7;11;11m▀[38;2;163;90;118m[48;2;22;19;19m▀[38;2;194;108;161m[48;2;137;76;99m▀[38;2;187;105;159m[48;2;183;104;152m▀[38;2;132;68;99m[48;2;174;101;153m▀[38;2;115;75;79m[48;2;141;73;102m▀[38;2;112;84;89m[48;2;112;79;80m▀[38;2;173;87;87m[48;2;116;81;87m▀[38;2;155;85;91m[48;2;124;84;89m▀[38;2;130;87;109m[48;2;164;95;134m▀[38;2;161;88;103m[48;2;172;96;136m▀[38;2;156;89;115m[48;2;167;98;146m▀[38;2;162;97;136m[48;2;164;99;136m▀[38;2;165;99;134m[48;2;164;102;123m▀[38;2;163;101;122m[48;2;172;101;153m▀[38;2;171;102;162m[48;2;173;101;166m▀[38;2;174;108;199m[48;2;174;105;180m▀[0m
[38;2;249;28;19m[48;2;248;31;25m▀[38;2;246;29;23m[48;2;222;34;34m▀[38;2;122;34;41m[48;2;124;34;46m▀[38;2;57;30;30m[48;2;41;28;29m▀[38;2;154;38;35m[48;2;47;51;56m▀[38;2;142;38;32m[48;2;16;57;59m▀[38;2;110;45;42m[48;2;6;61;62m▀[38;2;107;45;42m[48;2;6;60;62m▀[38;2;70;50;50m[48;2;9;58;60m▀[38;2;86;46;46m[48;2;10;56;60m▀[38;2;48;42;43m[48;2;24;52;56m▀[38;2;21;36;36m[48;2;43;38;39m▀[38;2;32;32;32m[48;2;17;57;57m▀[38;2;19;36;37m[48;2;16;43;43m▀[38;2;13;26;28m[48;2;18;49;50m▀[38;2;13;29;29m[48;2;16;47;47m▀[38;2;15;22;24m[48;2;14;23;24m▀[38;2;5;26;26m[48;2;11;29;28m▀[38;2;70;58;75m[48;2;41;52;66m▀[38;2;175;107;159m[48;2;121;85;119m▀[38;2;172;109;167m[48;2;177;110;166m▀[38;2;172;108;164m[48;2;170;109;165m▀[38;2;175;109;169m[48;2;171;104;150m▀[38;2;176;109;171m[48;2;169;101;145m▀[38;2;175;108;166m[48;2;174;111;173m▀[38;2;172;100;137m[48;2;175;106;155m▀[38;2;173;99;131m[48;2;172;103;141m▀[38;2;173;102;139m[48;2;173;106;147m▀[38;2;174;107;145m[48;2;170;106;146m▀[38;2;167;105;141m[48;2;169;107;147m▀[38;2;149;96;123m[48;2;167;105;145m▀[38;2;168;107;149m[48;2;156;104;136m▀[38;2;177;108;160m[48;2;159;111;142m▀[38;2;176;106;157m[48;2;170;111;140m▀[38;2;182;108;160m[48;2;155;97;123m▀[38;2;163;99;138m[48;2;50;41;45m▀[38;2;47;44;40m[48;2;9;13;10m▀[38;2;14;17;15m[48;2;12;10;11m▀[38;2;12;11;13m[48;2;11;12;12m▀[38;2;15;16;17m[48;2;11;13;12m▀[38;2;6;13;12m[48;2;15;20;20m▀[38;2;24;18;20m[48;2;1;7;4m▀[38;2;158;85;120m[48;2;82;45;62m▀[38;2;177;105;162m[48;2;188;109;163m▀[38;2;172;104;173m[48;2;170;110;187m▀[38;2;138;85;116m[48;2;176;112;193m▀[38;2;118;81;88m[48;2;158;99;154m▀[38;2;142;93;115m[48;2;162;98;146m▀[38;2;157;98;134m[48;2;164;99;147m▀[38;2;166;100;152m[48;2;168;107;175m▀[38;2;170;99;156m[48;2;170;110;182m▀[38;2;168;99;147m[48;2;169;103;164m▀[38;2;168;99;143m[48;2;171;100;152m▀[38;2;172;100;157m[48;2;169;99;149m▀[38;2;174;101;162m[48;2;172;100;156m▀[38;2;173;101;163m[48;2;173;101;162m▀[0m
[38;2;240;36;33m[48;2;221;44;57m▀[38;2;218;38;44m[48;2;204;44;61m▀[38;2;115;34;46m[48;2;63;32;40m▀[38;2;21;27;28m[48;2;27;29;32m▀[38;2;36;52;58m[48;2;33;50;56m▀[38;2;23;57;62m[48;2;21;55;60m▀[38;2;23;56;58m[48;2;24;55;61m▀[38;2;22;57;57m[48;2;19;56;58m▀[38;2;22;56;57m[48;2;18;56;57m▀[38;2;14;58;59m[48;2;17;56;57m▀[38;2;44;47;51m[48;2;48;45;47m▀[38;2;51;47;49m[48;2;25;58;59m▀[38;2;16;60;61m[48;2;19;57;58m▀[38;2;23;60;61m[48;2;19;57;57m▀[38;2;20;50;51m[48;2;19;53;53m▀[38;2;14;37;37m[48;2;21;59;59m▀[38;2;17;43;44m[48;2;20;62;61m▀[38;2;19;35;36m[48;2;20;49;51m▀[38;2;46;52;69m[48;2;93;79;116m▀[38;2;75;68;96m[48;2;101;84;129m▀[38;2;139;91;126m[48;2;93;85;98m▀[38;2;179;112;175m[48;2;163;103;145m▀[38;2;163;97;127m[48;2;177;111;173m▀[38;2;161;77;70m[48;2;165;94;117m▀[38;2;168;88;101m[48;2;164;83;85m▀[38;2;168;96;123m[48;2;166;80;73m▀[38;2;168;100;136m[48;2;164;78;68m▀[38;2;170;107;151m[48;2;159;85;93m▀[38;2;167;106;150m[48;2;166;108;149m▀[38;2;165;105;147m[48;2;165;108;150m▀[38;2;164;106;148m[48;2;169;107;151m▀[38;2;168;105;152m[48;2;167;102;146m▀[38;2;172;106;152m[48;2;129;96;130m▀[38;2;158;100;136m[48;2;53;67;81m▀[38;2;54;41;46m[48;2;2;13;12m▀[38;2;0;7;6m[48;2;12;12;12m▀[38;2;13;10;11m[48;2;11;17;18m▀[38;2;11;17;17m[48;2;11;17;17m▀[38;2;11;14;14m[48;2;11;15;14m▀[38;2;11;11;11m[48;2;9;12;12m▀[38;2;12;19;19m[48;2;13;32;33m▀[38;2;11;13;12m[48;2;12;18;17m▀[38;2;15;14;15m[48;2;10;14;13m▀[38;2;117;66;91m[48;2;2;6;4m▀[38;2;176;106;156m[48;2;67;38;51m▀[38;2;174;112;185m[48;2;167;99;143m▀[38;2;174;114;195m[48;2;175;113;187m▀[38;2;168;104;168m[48;2;170;108;183m▀[38;2;171;104;169m[48;2;171;105;170m▀[38;2;174;113;188m[48;2;174;113;192m▀[38;2;174;113;189m[48;2;173;113;189m▀[38;2;174;114;192m[48;2;173;113;192m▀[38;2;172;110;179m[48;2;173;114;194m▀[38;2;172;103;158m[48;2;173;112;188m▀[38;2;172;101;151m[48;2;171;104;162m▀[38;2;172;102;159m[48;2;172;100;152m▀[0m
[38;2;207;49;70m[48;2;194;51;77m▀[38;2;209;49;72m[48;2;213;56;81m▀[38;2;59;28;36m[48;2;112;31;41m▀[38;2;34;30;34m[48;2;19;23;27m▀[38;2;42;41;47m[48;2;51;36;42m▀[38;2;12;35;39m[48;2;9;19;21m▀[38;2;26;56;61m[48;2;21;46;51m▀[38;2;20;54;59m[48;2;22;56;60m▀[38;2;16;56;57m[48;2;17;54;56m▀[38;2;17;55;56m[48;2;16;55;55m▀[38;2;19;47;48m[48;2;21;52;53m▀[38;2;22;53;54m[48;2;23;41;42m▀[38;2;22;60;61m[48;2;22;42;43m▀[38;2;20;58;58m[48;2;21;55;56m▀[38;2;20;61;61m[48;2;21;58;58m▀[38;2;22;65;64m[48;2;20;56;56m▀[38;2;22;66;64m[48;2;20;57;57m▀[38;2;22;59;60m[48;2;21;53;55m▀[38;2;103;88;130m[48;2;99;84;124m▀[38;2;118;95;147m[48;2;118;100;149m▀[38;2;100;90;115m[48;2;120;90;138m▀[38;2;109;98;101m[48;2;106;95;106m▀[38;2;168;105;159m[48;2;108;98;100m▀[38;2;180;112;172m[48;2;155;100;144m▀[38;2;165;101;139m[48;2;173;108;167m▀[38;2;162;95;122m[48;2;167;105;157m▀[38;2;164;96;118m[48;2;167;106;151m▀[38;2;170;103;134m[48;2;152;102;137m▀[38;2;172;108;152m[48;2;124;93;110m▀[38;2;162;101;139m[48;2;79;80;92m▀[38;2;131;91;122m[48;2;56;90;109m▀[38;2;81;86;108m[48;2;48;89;108m▀[38;2;46;83;97m[48;2;51;85;102m▀[38;2;33;64;76m[48;2;47;75;90m▀[38;2;14;16;17m[48;2;13;20;22m▀[38;2;12;20;20m[48;2;11;21;23m▀[38;2;11;21;23m[48;2;13;15;16m▀[38;2;12;11;12m[48;2;12;16;17m▀[38;2;11;17;17m[48;2;11;19;20m▀[38;2;8;8;9m[48;2;10;18;19m▀[38;2;11;25;26m[48;2;10;19;20m▀[38;2;13;26;26m[48;2;13;22;22m▀[38;2;14;19;18m[48;2;12;19;20m▀[38;2;12;13;13m[48;2;10;12;14m▀[38;2;0;3;0m[48;2;12;11;12m▀[38;2;49;28;37m[48;2;0;5;3m▀[38;2;167;95;141m[48;2;43;23;32m▀[38;2;178;111;183m[48;2;152;84;122m▀[38;2;169;108;183m[48;2;185;114;184m▀[38;2;172;111;188m[48;2;179;114;192m▀[38;2;173;113;190m[48;2;174;114;190m▀[38;2;173;113;191m[48;2;172;114;191m▀[38;2;173;113;191m[48;2;171;113;190m▀[38;2;174;115;195m[48;2;171;112;189m▀[38;2;172;114;191m[48;2;171;113;190m▀[38;2;172;108;174m[48;2;173;114;192m▀[0m
[38;2;190;53;84m[48;2;185;54;82m▀[38;2;186;59;81m[48;2;165;56;71m▀[38;2;133;42;52m[48;2;157;51;62m▀[38;2;12;14;16m[48;2;30;12;15m▀[38;2;47;34;40m[48;2;26;23;27m▀[38;2;16;21;24m[48;2;25;25;29m▀[38;2;13;30;33m[48;2;9;20;22m▀[38;2;25;56;62m[48;2;22;48;53m▀[38;2;21;54;58m[48;2;24;55;60m▀[38;2;17;53;54m[48;2;18;53;54m▀[38;2;17;54;54m[48;2;18;54;54m▀[38;2;15;53;53m[48;2;15;50;50m▀[38;2;18;45;46m[48;2;16;51;51m▀[38;2;21;42;43m[48;2;19;57;57m▀[38;2;20;52;52m[48;2;18;61;61m▀[38;2;19;57;57m[48;2;18;61;61m▀[38;2;20;65;64m[48;2;20;64;64m▀[38;2;22;62;61m[48;2;19;61;59m▀[38;2;92;80;117m[48;2;101;82;118m▀[38;2;118;93;143m[48;2;144;97;155m▀[38;2;133;94;146m[48;2;140;97;151m▀[38;2;141;97;148m[48;2;145;99;155m▀[38;2;103;97;105m[48;2;137;97;148m▀[38;2;101;101;95m[48;2;98;93;105m▀[38;2;113;96;106m[48;2;100;105;99m▀[38;2;115;93;107m[48;2;89;101;100m▀[38;2;102;95;103m[48;2;80;93;94m▀[38;2;85;92;91m[48;2;70;85;96m▀[38;2;63;83;88m[48;2;59;91;113m▀[38;2;52;90;111m[48;2;59;93;112m▀[38;2;60;93;115m[48;2;57;90;109m▀[38;2;57;90;111m[48;2;56;92;112m▀[38;2;51;85;103m[48;2;51;88;107m▀[38;2;48;74;87m[48;2;50;74;87m▀[38;2;16;25;27m[48;2;20;28;32m▀[38;2;9;23;23m[48;2;8;19;19m▀[38;2;10;22;24m[48;2;10;22;24m▀[38;2;10;23;26m[48;2;10;22;25m▀[38;2;11;23;25m[48;2;8;16;18m▀[38;2;11;23;26m[48;2;8;13;14m▀[38;2;9;23;25m[48;2;10;18;19m▀[38;2;9;15;16m[48;2;12;23;24m▀[38;2;12;18;18m[48;2;12;21;22m▀[38;2;12;17;18m[48;2;12;17;18m▀[38;2;9;10;9m[48;2;9;10;10m▀[38;2;11;12;13m[48;2;10;13;14m▀[38;2;0;5;3m[48;2;10;9;9m▀[38;2;17;11;12m[48;2;4;6;6m▀[38;2;91;55;76m[48;2;1;11;8m▀[38;2;131;80;120m[48;2;9;15;13m▀[38;2;160;96;146m[48;2;26;23;27m▀[38;2;178;110;177m[48;2;57;34;47m▀[38;2;184;116;191m[48;2;85;49;71m▀[38;2;184;116;194m[48;2;92;54;81m▀[38;2;183;116;196m[48;2;105;62;95m▀[38;2;182;116;195m[48;2;129;76;116m▀[0m
[38;2;191;55;88m[49m▀[38;2;186;54;86m[49m▀[38;2;185;59;80m[49m▀[38;2;67;22;29m[49m▀[38;2;5;11;13m[49m▀[38;2;31;26;32m[49m▀[38;2;9;19;22m[49m▀[38;2;16;35;39m[49m▀[38;2;26;57;62m[49m▀[38;2;20;51;53m[49m▀[38;2;15;48;49m[49m▀[38;2;19;56;56m[49m▀[38;2;20;62;61m[49m▀[38;2;18;61;60m[49m▀[38;2;17;58;58m[49m▀[38;2;18;58;59m[49m▀[38;2;19;63;63m[49m▀[38;2;18;62;60m[49m▀[38;2;95;81;113m[49m▀[38;2;148;100;155m[49m▀[38;2;139;99;150m[49m▀[38;2;139;100;150m[49m▀[38;2;148;101;150m[49m▀[38;2;139;99;147m[49m▀[38;2;92;91;105m[49m▀[38;2;84;91;92m[49m▀[38;2;72;83;98m[49m▀[38;2;63;95;118m[49m▀[38;2;58;92;113m[49m▀[38;2;57;92;111m[49m▀[38;2;57;92;111m[49m▀[38;2;55;91;111m[49m▀[38;2;53;88;108m[49m▀[38;2;50;70;82m[49m▀[38;2;21;34;40m[49m▀[38;2;8;21;21m[49m▀[38;2;11;23;23m[49m▀[38;2;11;22;23m[49m▀[38;2;9;16;16m[49m▀[38;2;10;15;16m[49m▀[38;2;12;22;23m[49m▀[38;2;12;23;24m[49m▀[38;2;12;23;25m[49m▀[38;2;11;15;17m[49m▀[38;2;10;11;12m[49m▀[38;2;12;16;19m[49m▀[38;2;8;9;11m[49m▀[38;2;8;8;8m[49m▀[38;2;13;16;18m[49m▀[38;2;12;16;17m[49m▀[38;2;5;9;9m[49m▀[38;2;0;3;0m[49m▀[38;2;0;3;0m[49m▀[38;2;0;9;7m[49m▀[38;2;2;11;10m[49m▀[38;2;7;13;13m[49m▀[0m
